none	gg1k	t~t~350	gg800	t~t~800	tt	w	z	ttz
0	2.04	37.21	15.77	0.16	374.09	66.28	56.86	0.95
0	1.93	23.85	15.09	0.10	194.33	13.04	22.56	0.58
0	1.60	9.47	12.92	0.04	65.54	2.72	6.32	0.24
0	1.11	2.72	8.93	0.01	15.19	0.54	0.90	0.06
0	0.64	0.37	5.01	0	3.75	0	0	0.01
0	1.35	8.06	11.15	0.14	41.47	10.32	15.34	0.23
0	1.28	4.73	10.66	0.08	21.54	1.09	3.61	0.14
0	1.06	1.73	9.07	0.03	7.27	0	0.90	0.06
0	0.73	0.47	6.20	0.01	1.68	0	0	0.01
0	0.41	0.05	3.38	0	0.42	0	0	0
0	0.71	0.80	5.93	0.11	4.60	1.63	5.42	0.05
0	0.67	0.47	5.65	0.07	2.39	0	0.90	0.03
0	0.55	0.19	4.79	0.03	0.81	0	0	0.01
0	0.36	0.09	3.26	0.01	0.19	0	0	0
0	0.20	0.05	1.76	0	0.05	0	0	0
