cutname CUTJETETA CUTJETPTHI CUTJETPTLO CUTMETMIN DELTARMIN DELTAPHIMINJ3MET NPTCUTJETS NJETSMIN HTMIN HT5MIN TAUTAGMIN
42
31  2.4 40 30 100 0.4 11.5 3 3 0 0 0
41  2.4 40 30 100 0.4 11.5 4 4 0 0 0
51  2.4 40 30 100 0.4 11.5 5 5 0 0 0
61  2.4 40 30 100 0.4 11.5 6 6 0 0 0
71  2.4 40 30 100 0.4 11.5 7 7 0 0 0
81  2.4 40 30 100 0.4 11.5 8 8 0 0 0
91  2.4 40 30 100 0.4 11.5 9 9 0 0 0
32  2.4 40 30 200 0.4 11.5 3 3 0 0 0
42  2.4 40 30 200 0.4 11.5 4 4 0 0 0
52  2.4 40 30 200 0.4 11.5 5 5 0 0 0
62  2.4 40 30 200 0.4 11.5 6 6 0 0 0
72  2.4 40 30 200 0.4 11.5 7 7 0 0 0
82  2.4 40 30 200 0.4 11.5 8 8 0 0 0
92  2.4 40 30 200 0.4 11.5 9 9 0 0 0
33  2.4 40 30 300 0.4 11.5 3 3 0 0 0
43  2.4 40 30 300 0.4 11.5 4 4 0 0 0
53  2.4 40 30 300 0.4 11.5 5 5 0 0 0
63  2.4 40 30 300 0.4 11.5 6 6 0 0 0
73  2.4 40 30 300 0.4 11.5 7 7 0 0 0
83  2.4 40 30 300 0.4 11.5 8 8 0 0 0
93  2.4 40 30 300 0.4 11.5 9 9 0 0 0
31t 2.4 40 30 100 0.4 11.5 3 3 0 0 1
41t 2.4 40 30 100 0.4 11.5 4 4 0 0 1
51t 2.4 40 30 100 0.4 11.5 5 5 0 0 1
61t 2.4 40 30 100 0.4 11.5 6 6 0 0 1
71t 2.4 40 30 100 0.4 11.5 7 7 0 0 1
81t 2.4 40 30 100 0.4 11.5 8 8 0 0 1
91t 2.4 40 30 100 0.4 11.5 9 9 0 0 1
32t 2.4 40 30 200 0.4 11.5 3 3 0 0 1
42t 2.4 40 30 200 0.4 11.5 4 4 0 0 1
52t 2.4 40 30 200 0.4 11.5 5 5 0 0 1
62t 2.4 40 30 200 0.4 11.5 6 6 0 0 1
72t 2.4 40 30 200 0.4 11.5 7 7 0 0 1
82t 2.4 40 30 200 0.4 11.5 8 8 0 0 1
92t 2.4 40 30 200 0.4 11.5 9 9 0 0 1
33t 2.4 40 30 300 0.4 11.5 3 3 0 0 1
43t 2.4 40 30 300 0.4 11.5 4 4 0 0 1
53t 2.4 40 30 300 0.4 11.5 5 5 0 0 1
63t 2.4 40 30 300 0.4 11.5 6 6 0 0 1
73t 2.4 40 30 300 0.4 11.5 7 7 0 0 1
83t 2.4 40 30 300 0.4 11.5 8 8 0 0 1
93t 2.4 40 30 300 0.4 11.5 9 9 0 0 1
